XIX.

synodus dioecesana 1000011000010
00000 17-19 10 00001).

110 0011 1681 (p. XVIII) im 1110000 100100 010000000000010 mehr 0100·
101100 000, und (10 1101100001011001100 (1865, 1001.1.Κ.-11.71 8. 360)
01000 80010000 0001001000100011011001000010100000, 00 11000 8100101 Dr. 110001.
16011 11011000 - durch 01000 100001000 (p. IV) 00100 (1000 10001100 (100 11011·
11001010 Dr. theol. 11001001 - 0100 (110 11000101001011101010. 0100100010100.
601100110οε1, 000600011101, 11100100000101000 1100006000 01000 80100000001-
000100000101100, 0010100111110 April 1804010001000000001000 000 147 (10101-
lichen 000 300010011000 000001001 ward. 11100001000000001000 00110100 00010
nn: (110 (1000010100, (110 0101110100 und die 1110000-11000100000, (100 10001006 ’

(111000-1100010000110.10(100) und (110 8000010100 (100 11001011. 11000101, (110 Pro·
10000000 (100 Ρο100100000010000, (11011110110000 (100 11001. Instituta (0100000111
1888 8. 221 0. 200, 1885 8. 158 0. 1886 8. 210), die 00101110100 101100 (100
110011010100 0000000100, 0001 (110 (100 001011100οε0 10000010000000110000, (110
110010001001001100010100000 und 000 101000 11001000 (11010001) 010 von den
Ηο11001000000 001001011000100 Ηο00101000000 000 ihrer 111110, 0001010111101
110011110100 800111100ῃο (0. V), 0000011100 110000000100.

1110 Η11100100000 siud 10 (1008001000οο 010000 00110110110, 010610 Ηο001-
01000οη 0100 1100011010 1110000000]οοᾶο im 81000 (10000000100100 01011101
(001001,10000. 81.·Κ.-11. 180245, 001001100 0011 G. 0000111101) 101110 daher
0001 (110 2001010000 sammtlicher 8111001000οῐ 001010011 (1110110το 11.-11.
3. 1011. 118, 11100011001011. 11.-1111161050. 658, 100100 11.-11. 8. 1011. 621
[1111. 8). 810010000010010000 101 000 000 111010001000 10001100000, 01011 auch
1100 100010011000100 synodon 001001001101. 1100011000 (0111110000)10(10010100010
010 0010011110101000000000, 0100 0001000 010 0001000 (010100), 00000100 0000
000010110 0001011110 0100 0100 10010101(1110000000001010000100011100000.
Eine 1000000001οη0 barath, 0000 0101100 01000 000 0101 aus 00 0010000001οη,
01011000 0100060000 10 (110 00000111011011 1000100100 800011οε0 0101100001, (100
000 (100 01001110100 0(100 11001110100 010010100τά0 000 noch zu 0000101000 101
11100 101 101 111100000ογ00ᾱο0 010 (10011011, indam 010 01001100000011000000
0101100001100000, 000 01010 000 (1000000101000101 Αο00010000 00100000. 1110
0100010000 00101 vom 0011000100 011010 000, 0100 (1000 (10000110 1010101 00 (110
1000011100 001000 Β10110000100100000 00100100 0100. 100110000110000100
10110101(0.11Χ)1100010011101001851100000000 0100 100011011ουηο 0001011
worden ; (1001 100011 (110 110011010011 (1008010000οη nicht 0100 001 (1οτ 110100·
0100110000οη0 00100100 dem 00001οη10 und (100 (101011101101 (100 Β10110000, 000·
(1000 00000110001101 001 (100 machometem 800001001100(0.ΧΧΗ); 1010100οτ
0100 (100 11. 1101000 Βο1010000001001100 vom 14. Mai 1804 000000, 00010 (1000
81001010 11000 (111010 0001000101οἰτά (0010 consonamque 1111 010000 omnia

1) 1000010001. ’10010 11. 11. 1000001894. 111111 01 226 pp. 8⁰ min.
(11. 1. 70 0001010000 001. Dr. Sdralek’s »810000111160000000001000 (110 16871
180 8., 80010010011000, II. 060.

 

