11313133333131. 1133311313 13113113. 1111131113131.133 1133133113311. 267

1131331333313131 113 11331113 1331 4. 11111812, 1311311331
13301131 131 113331133131113311), 311 1313 11131 1874, 131131-
1311 113 131113131113 131 111311313111311113133111131311111311,
- 3113111133 111 mit einiger Anstrongung - 3313111313 1114
131 11313131311333313 33333313133 (131333131333 13131113331, 113
113111311331331131(133311331111133 13113133 3131 1311331313 331
Ari. 43111131 1, 13 311 16, 111331131 8113113311, 131311333333, 113-
3111113111333113111311131311311, Η31133113- 131 111313113331133131-
111111333, 81331311133113311 311 113111313311131 13111311111311311
133 1131313311311113333 3131.

111333 11311111133, 1333311131 1131113131111311311133311111133
131 (133311331311 1333, 131 113133113311331 311 13 13311113131113·

l) 113131. 813333133113313113113113 1131113 1311331111333 133 deutschen

113131313333, Berlin 1812, Β. 3, S. 652, 124, 128. 0131131113131131331313311
1313131113 33111111, 3131 3133133 11133113131331313111131311131331.

13111111 31133 (13331133 13113113111113 11333113111113133 Recitantium
Aufentnait 131 13311131 im 131113131113131. 11111111113111313. 313131311-
333 11121311111133133 813133131133111 113131313333, 1133131311 §- 1. 11311
111131131313 133 (ndens 131633311331311 1333 3131 31131 mii 113331101133131·
1331131 congregation 11331, 3131 1311 313 133 deutsche 111133331 13311333, 113
131313 0113 133 83113333113133 131 1113311311331131131133331133113111113
1313331 3131131. 1. 2. Die 311 1131111113 113333 633313333113113111313313·
3113133333 werden 1313 Β13133131131133333.

11311131

13 331331 8113133 1331 281131 113333 131133 131 131 113131313313·
3311133333, 113 111 111 wider ein 3133131333 131131 113 1333113331133313
03313311311 131 1131 3113333133133 Ρ3111ἰο333 1311113131311333131 1111131131-
131131113 311131331333

l. 131311 111311311131, 1333 133311311 13313131333131131311133111331·
113131 1133113313133313111 33113, 11313131 133 1311311333 11113133, 113 1311111
131 (113113131311333111333 131 133 811113 131813313111331 33333 vnkin-
1131333 11131 113311311131 113 3313111313 Geniali 313131313111,

2. 113133311313 31333 (13331133113111313313331. 11313131 311 (11111133
1113133333 133 1114, 111. 13 3. 16 131 113131313113331131131331111313 81311333
1311311311333 011333-03131333113131 131 (1313333333131133, 113 11333 11131
2113333113 131 13131 83111313331133311, 331113 113 31331333111111313 ’111113-
1311 131331131. 1313111131 13111333113313111333, 11131811313313111.

113113111333313113331333111111 1311313 1311111131, 1111111113 1311331331
’113113 133 1131313133313331113333, 11313131 3131 nus 133 01133 131 (1333113131
1331131311, 13131 eine [1333111111313 cler 11111111 Freiwqiqkeit im
deutschen 1131313 1331311πά31 Vorncnrisien eine 3333133313113313 113133
3333131, 11111313 en 331131311311131131 muno, zur 1133311133 1313311311·
331111 dem Bononiam 1131 83131313333 3133133131 11133331 31311313 113·
3313331113331113 1331 1133333113 131 11313131311333313131331331333333

 

