xvm.

s 11111111111111111111 111111111111 11111111111111 11
1111111111 811111 1891184.

(111111111111 Archiv 111 11,-11. 11 S. 86-94).

³³²³· chmmcngectcllt 1111 1111. Rom-Rath a· D· F· Geiyel ²¹¹ StffflbUIB I· Ε·

1111 01111111 1111 1111111111 111 jur. WochemchrIst (ιτ 111. 11,),
01111 111 D. 11111111111111 1894, 111 81111111111111 (= 11) 111 11,·0. 11

;;1 (1111111111 81. XXXI-XXXIII, cndlich 111 11111111111111111111111111Ρ11111
tr. ῑ· 111 Reichcgcrichtc 11 (11111111111, 1111111111 11 1111113, XIII (1891) 111 XVI

(1894); 11111111111111111111111 2111111
1, 18, 20 n. 26 1111111111, scmtsgcnchmigung 111 11111111111111 11121·
wcndungcn (811111111141149 0111111111111111, 55 211111111ὶοί1
111 1111111111,
20 111 85 1111111111, 2111111-111811111111111111111111111111111111311,
51 1111111111111, 54 1111111111 1. 11111111, 281) 1113111111111181111-
111111,
19 11111111111111 11111- 1111111111111111 (13181111111111111. m, 111111
1111. 1111111111 1, 1111. 1. 11,-11. 18 S. 11411),
· 1, 291 1. 91 51111111111111111111111111111111, 12, 21 1. 42 1111111111-
11111111 111 111111111111111, ,
11, 24 1. 84 8111111111111 (111111 81111111111111131811111111111 1111 Ι,
1111111111 1, k, 1 1. 1, 1111. 1. K.·R. 18 8. 114 11,),
12, 22, 21, 28, 81, 82, 86, 88, 42. 411501. 52 1111111111111, 1181311 1. 21,
22, 25 u. 88 ’11111111 111 ’11111 111 8111,
11, 18, 21, 24, Ich, 81, 42 1. 48 8111111111, 29, 43 m 45 1111111113 111
1111111 (ng. 8111111111111, 1111. f. X.·R. 18 8. 111 11,),
1111. 1411111 commercium 111 1111111111 (8111 8111111111111111 ἱ,
1111111111111, 1 m. 18 S. 111 1.),
1, 2, 5, 11 1. 14 1111111111 8191111111, 2, 8 1. 49 0111111111111111111,
8, 4, 0, 101. 111111111111 1111111, 11 Κί11111111111111,
4, 6, 9, 15, 80, 40 m 18 Patrona, 14 8111111111111111, 21. 51 11111111,
8, 6, 28, 89, 40, 41, 51 u. 55 8111111 u. ZurIckzichung »111111111111111111111
cndIich 11, 141. 28 1111111111 gcgcn Kirchcn.

l) 22. Sept. 1891, 11181111, 8111114111 S. 148. Dic Schenkung
ist 11111111 (111. 1111. 1. K.·R. 68 S. 253) 111 1111111 1111111111ς
11111111 1111 11 (8111111 111 111-1111111. 11111111 11111111, 1111111
Gunstcn 111 Ρ11111111 1111111111 11111111111111181111, 1111111

1111 1111111 1111 1111111 111111 111111111111.

81111111111111111 11111111 11111111 0.-L.·G.·R. (1111111 12. 11111193 (11
81111111111181111 gog. 8111111111. 111111 8000 11. 111111111111, jur. 211111.

1. 111-111111. 1894 S. 211, 1111111. 1. 11111. (111-11. 21 8. 5481211 8111111111 -

11111 81111111 1111111111 Wcrthpcpicrc 111111 1111111 111 111111 111 111111·
111111 1111 111 (Archiv 111 m. 68 8. 421) condictio 1111 11111 111111
80 111111 1111 [1111111111 1111111111111 werden, 11111 11111 1111111
11111111111111111111. 21

 

