412 (101101, 1111111101 110111101ον1οΜ 110111111101810101 1891-94.

1110001011111 1101 1011111110 ’11011111 110 01011101101 1111 101
801011111011110 110111 11011011170111001111 110 11110111101111110.
1711 nn beiden 1111101 1010011111110011111111, 11001111111101,
11 01110 0111010101 111010 110101101 will.

22) 110111. 1898, VI. 8., E. XXXII 8. 17. 1. 771110. 1100
110111011001100 vem 6. Febr. 1875 1111 1110 11111111 1101011101110
1101111111111110 110101111111110111111. 11111 1111011 11111111-
111111 110 (11001100 0111000101 [11111110 1111001111110111111111111
'risen 111 Βο11 11111110 Κ1111111108111111111111110110 1110011111,
11111111 den rechtekreftig 101 110111118111101111110111101111011
110 111111111111 111 71111011111111111111 11111101 (3011111111 nn
1. 76 0110. 4 S. 37, 8101111. 11011011 11118111. d. 1101010111οε vem
23. 111. 1875 S. 1111)... Aueserdenn 1111111 00 0101 111 dem
110. 2 110 ς. 77 nm 011110111010100011ς 111 101 110101, 1100110110-
111111110 111110110111 11111 101111110111111101101111 111111111ῑί01
100111011οῃ, 100111111110 (100011. 11101110111111. [110001110101111
1111 111 101 111111111111111111101, 111111111110111110 171111110
101 111111 110111100111111101. 11111110 1011101 11101101 11-

11101, mit den 111111101101 7110111101 11111 1111011011111101111 1

810111101111. ,1011111110 1101 1111 110 dem (1100110 001101 11111
101111, 1100 00 nich 111 111 [11110110 1101110101 (10110110 1011011.
1111101 17011011 »1011111011 1110, 11 1111011111 dies 800011 11
11111111111, anf 1101111110 ’11011111 11111001111 8111 11111111
werden« 1111011111 110 deutsche 1100110111101 1011011 worden
0011, 11 10111011 0110 01111110 11111111 111 ’110111118011 110101
1111101101, 111111 101011111011. 77110. 1 110110101010011110
11010011100011101. 811111 fi. 77 110. 2 1111 111 111011111001110
anderen 110011010110101 1111011111 finden, 11 denen, 1110 11000101
11111,1101101111111110 1001111111 ’11011111 101 ’11011 111 nete
10111110110111111, sn 111110 (110 310011111111100 §- 77 111. 2
111111011111000, 1101010111 1011 1111111110101 100 (1100110011
011001111111, 1111101 Sinn 11111. 11011 111 110018100111111111
10111, 11011 [11110110 aueeeraeeneeer (10111110 dem 11100111 1111111111·
011111101101,11101(11111. 7711111 1011 1101111101 111 1111111111·
1111 01110 1111 dem 1111111110101 110 (11011101 0111000111 ’1111-
11110111111110 10101110011 011110, 111000 0111 00110011111 1111101-
konnen. Derane 111011 01111 1111110111, 1110 111 (10001111101110
1111011110οΜ [11110111 1110111111 110111 111 81110 111111 111. Denn-
1111110110111 dem 1111101 1111 die 1111111111111111111 des Ge·
101100 111 11111110 01111110111110111011101111 8011111111 001101 1110
111111 Granni, 111 deutschen Geriehten die 8110101111 der 1110

 

