1111111111 sur 11111111 der desponsatio impuberum. 888

1111 1111 im 8111111111111111111111111111111 geminent 111. 1111
111 1111111 ›omnino‹ in 1. 1 X. 4, 1111111111111,11111111 1111
111 111111111111 1111111 11111111 111.

11111111 111111111111111111111 111 1111111111111 111111111-
nngen 1111, zu 11131111 1111111111 81111111111111111118111111 11
1111111111 1111, 11111, 11 111 11111111111111111111111111111111111·
1111111 11111111. “

11111 11111 nonnnsgegangennn Ertrternngnn 1111111 nigeuno
0111111111111118111 1111. l X. 4, 2 111 811111 111111111111

01111 81111111111111 111 111 1111 1111111111 11111111 111
111111 1111, 11111111 1111111 1111111111 8111 1111 1111111111 1111.

11111 1111 1111 Zustimmung 111 1111111111 8111111111111111

11111111 1111111111 wir: 11111 11111 111 11111131 1131111111
1111111111, kann 11 11111311111111.

11111111 1111 111 111111 111111 1111 1111111311 8111 (1111111
1111111111111111111111 1111111111111111111 kann), 11111 11 11111111·
1111111, 111 11111111 11111111181111 111 111111111111111 111111·
11111111111111111, 111 11 11111111111111 (1.1. 11111 1111111111
1111111111 11111111 affectu maritali 111 matrimonium 11 111111 111·
trimnnium 1111111 111 11111111111111 1111111) 11111111111. -

’ 01 11111 Vnrpflinhtnng 1111 1111111111 11111111 1111111111
111, 111111 11111111 1111111111111.

V.

»Si 111111 modo 111 consentit 11111, 1111111111111.ι

81111111111811111 1. 1 X. 4, 211111111111 111 1111111111
111 1111111111 111 111 111111111111131111111111111111111111111
θιῃω311111 ΙΙ1111111111 Satn 111 1111111111 8111111111 »11111111111111
ῐΙιΨωῗ1111111111111 1111111111-1111 diesen Wnrtnn 1111 1111 Ge·
111111 11111111 geben. 1111 nur 111111111111 11111111111111111-
ung wesmtlict. 1111111111 1111111111111111111111111111111 111
1111111111 111111111111 111111 sngt Freisen ¹) mit 1111111 11111111).

l) Fretnen, 8. 102

2) 11111 11111111ιῦ31 111 1111111111 811111 11111 1111111113 1111, be·
111111 1. 31 pr. D. 89, 5, nm 1111111111 1111111111 1111111111111113112 con. 5,
1, 1111 0111111111 nicht nothnondig 1. 30 D. 50, 17 111 l. 31 1. 13.1>.24,1.

Glnichnr 11111111 1111 8111111111 v. 1111111111, 8. 11 und 11 111111
entim. 1111111111111131111, im Widemprnch mit dnn 11111111111111111
81111111111111111, S. 311 1111111119, 811111111111, 8. 254; 1111111111, 8101.

 

