munem 1111111111 sn semum 111111 (111-14. 409

1111111111 111 Patrona. Die 1111111111 1118. 1111111111111
111111 1111111, 111 1111 1111111 11111111111111111 1111 (111
1111111111 1111 11111111 eine 1111 11111 111 dem 1111111111-
11111111111111111 1111. 391).

16) 29. Mai 1893, 11. 8., 81111 XVI 8. 3 u. XIV S. 1. 8111
111111111111νΖ11 111111 0111111111 111 0111111 1111 111, 1818
11 111 Gymnasium 111111111111 Lyceum 71211. 1114611. 1111111
1111111111 111 811111 11111111111111111111111.·11111111111111 Cha·
1111111. Die 0111111111 11111111 111 1111111111111111111111,
11 handle 11111111 1111811111 111111 eine 1111111 1111111111111.
»Die 1111111111, 1111 111 0111111111111 81111111111111111111111
1111111111,1111111111111111111111111 111111111 1111, 1111 111 111
»1111111111 1111111111 11111111111, 111111111111111 11111111
»1110111111111 111 1118111111 1111111. 111111 1111111111 11111
»111 Hand 111 1111111111 [11111111111111111 11 11111111111111

»111111 11111111 111 daher 1111111 8111111111111111 1111111111(

18111111 1111111111111 1111111111 111 Gymnasium 1111111111111 111 (111
11111111111111111 111 11111111 1111111111 111 11111111111111111111111811111
11111111 111, 111 111 1111111 (111 81111111 11111111111111. 11111 1111. 10, 1111.
1. 11.-11. 66 S. 255 111 81111111111116. Juli1891,1v.8. und V. April 1892
11. S. 111 111111 XIV 8. 98 1. 381 111 XII S. 338, jur. W. 1895 8, 23 8. XXII
S. 386, 11 S. 395 u. IV S. 289.)

11) 1. Juni 1893, 11. 8., 11. XXXI 8. 281. Nur 1111111
111111 111 1111111111 (S. 14511. L. R. 111) 111111011.-Ρ1.-0.

g. 575, 11111 mehr 1111 1111 1111111111 111111111111111111111 1

1111 kann 111 1111111 111 111111111111111111181111111111111·
111111 111111. 0111111111111181111111111 11111 1111 11111111
1118111111111111111111111111 11 Valle der [1111111111111111111
11111111 111111 1111111 111 (1111111111) 811111111111111.

18) 12. Juni 1893. ΙΙΙ. 8., 1111111111 11111111111 1111. 1.
11.-11. 71 S. 93 111111 111 111111 1111111111 1111 11. XXXI S. 9-17.

19) 6. Juli 1898, IV. 8., 11. XXXI S. 305. Dern 11111111
1111111111 11111111111111111, 1111 111 111 1111111111111111111

- Eho 11111111 11111 sein 1111111111 111, 111 1111111111οέ1 zu. 1. 596

111. 112. Dies 1111111111111 111 111111 1111111111 11111111,

111 111 11111 111 1111111111 111 Ζ111111, 111111111111811111111 Ι

1111111111 1111, 111111 111 1111111111111111111 111 1111111111
111 1111111 11 81111111 (1111111111 111. R. 8. XXII 8. 223 111
81111 XV 8. 295 111111. R.. Δ111.1.Κ.-11. 68 8. 231, 111 S. 275).
»1111111111 1111111 8111111111, 111 11111111111111111111111-
11111111111 111 1111111111 1111111111, 11111111111111111111111111
werden, deren 11111111 11 Valle 111 [1111111111111 111111111111-

 

