330 1181381, 1188118111. (118 democh. 1181818981. 111 8118188818( 1894.

- 1811 11111181, 88111811811818118(118118188811,1(181188 1811818181111· Ι
1811181111 1118138 11818183811811811118118 vom 28. 1111 1888, 111. S. (11811111
1.-11. 18 S. 18) 111 19. 1111 1814, lv. S. 181 18111, 811 mamucha
1111811811 181111818111181, - 811818888111111113 181 1111818 3181811811-
mem 88 1118881 (18118118111138 »18911818181111811118881118381, 88818181
»111118181811113 188 ’1111818 1811813811, 1888 81 118 1111818 881181 18·
»8811111181 881118(

Nur 88381 181118181 »0181111188131111118188118811888 88118 181111»
11811818311111138 181 188 11818381811 188 11111811811111181818811888818
1111881181381 18118111113 111 1111881811113 81 118 1811181811 111181.
(118838811118 8181188 1181818818 118181 111 118 1111811131881188811 11
prot. 8111888188181 181 1118118181 11118111811811 8118118811118181 881118
anchin 181 8111888188181 (11111811183811811811. 118111181813, wie Bayorn
und 118888-11811111381, wo 188 1118881 1881 18111881811)

Das 11111811 l. XI 1894 181181 1111111811

»11811 8181 118 1111881181 188 11831188 181 1811118111818111118111·
1811811 11 1118888-1811111381 81181118111188 8118131181, 88 1811 1118111181 (118
118818181 181188181811 38188111811131 1181181. 111 18118118181 118111811111
118111838181811811811811181888811111113188 11891188, 8811811 111 118
888811111113181111181188188 1111818 881181, 818 881818 111811 11311118
811 188 1183118 8111181181 8811 8811. 11188181 81811 18111818 11181118 818 1181113.
88 811818111 181 1131111811 188 1183188 111818 (118 (1118881888111, 1111818181
8181 181 1131111 811118111818 881181 81811811. 0118181118888 111818818181
1818188811113 111 8818111818 011881188 11311188 11 1818111181811 1118311181
1181881111811881811113 38118181, 181 811 118 88818 881181 181181 11111188.
1181811881881 811118 888118811113 181 111838, 81 8118 888811111113 (181
1811818818111181818111838, dem 1181381181 811811118811111111881181188
181818118181 11831188 8118 1181811113 niem 18138188881 881181. 1838381

. 1118818 11 8118181 1118111113 1188881818111118311118181881181 881181.

· Dan 813818811818 11111811 181111 11111181 81881811811 11881811 811
1881181111111111181811111888113, 818 88 11 1811811811131811888881113188
11381183181 81181 11191111 aus (118181181188181111818111181. 118 813111
8181 818 181 38881138181188181 1811811111381 111811138818118111181811
11 11881111 111 88811811881113 1118811111811881, 188811881181188111111113188
§.166 8118138881111818 nicht 1111811113 11181811 11311118, 8818188181881
,883811 08388818818 der 1818118119 oder 1811811 der 11118188 1181181.
Zu diesen 1181181 111 1811811181 181 1811118181 1111818 181 8181 188 8138·
31111818 1183118181 181 111181118111811 188 Ρ818188 zu 1881181.

Es 181 1881818138181, 1888 11 1811 11311118 811811 811181188 1189818
8181 811 1131111811 118 1111818 881181 811181181 8811 kann 111811 88 vird
8181 181118 11181118 81188 11311118 811118 1111818 881181818181111111811881·
38181 1118881, 18881818118118118 Richter 8118 881818111311811811818 1181-
88811181 88181111811813818111181, 11811 8181 1881183118 mit 1811111818
881181 11811118111181

Nun 3811 188 81381881181811111811 18181 818, 1888 (1881183118181183118
818 8113811811811118118188811 811 188888111818111811 181 381881 1118118181
18118111 18111181181181188181 1111818 881181 881, 1888 181 (118118 118181
111 181 8818111118 118111 1881 dem 18111381 818118 1811811811881811111818
181 181811 1811118181 (11118181 818 118111818181138111131811111 1111818 38·

 

 

