'328 601301, 1100610300. 600 democh. 1101060300. 16 6106110010οι 1891.

6.-11. 68 S. 71 6. 72, E. X 146 6. V 365) 010 6001011063 600
(00003.) 610060 (sc-dc. 166) 0106106. 610 »1660106663 666 60-
600001( der 1101131000306010006011 0106 660 6001066160110 600 00·
3001001100 600 1101100, 060 160010 8016603οο 606 006660306 cncu-
schen‚ 01061 0606 610000 160110 01600 610060630606600 0600 00001130
1600011010 600600.

1. 011. 1894, ΠΙ. S.¹ jur. W. 94 S. 599. »Dic 6100160600οι
60110 0160 6160003 dcc 6011οε66001εο durch 11003003 000 110006-
0003186606. 161) 6006016 0030006606, 0011 600 1100000 001000
6060060603 06 610 6030163100, 610 11003000 zu 000100000, 610 Be·
mcrhung 60130163160110, 6000 00610 A.. 10110010 610 6000000 61061
0001100006, 60000100 60100 06060, 606 0011 610 A. descen 0030006101
nicht 00330300300 0106, 0060066 010 0106 6006 601100 00300 0010000,
6000 600 Ρ100000 601 ihrer Wcigcrung 010600 1066600 06060, 606
6000 darm 0061301000 0100 6160063 600 60110061060100 00060610161106
001, 0100 von 16000 6000003006106 00060. 11006 600 0003061106 30-
006060000601100600603 601 0106 6001100000 0000 61100 003 0011
dem Schulzcn 001 610 11003000 6030600, 06000060 60606 001 600
1101010006 6660066003 (110 A. 610 11000000 000100006. Ncch 600
1100101011οπ0 600 6601600060ον 0106 00 61000 [1006100300 (1) (100
Psarrcrs 006 600. 600 80601006, welche dic 6160603 600 601100·
61000100 0006000061 60600, nicht 11) 0600, 00 666 160 0106 60666·
0011101600 610 160100060, 6000 610 A. uugchdriger 601001600111160
001 600 110000ιο 01630666οι00 60600. 60100606 600 60061603 600
A. 0160000110 006 600 000066100 6006166300 600 11000000 606 600
60601000 0060000110 6001061 1016 chammcchany im 0006160606
Since 6003001011, 6000 610 A. 01001000611106 00006100011106 00000 160
606 woly, 600 610 6066166300 600 11000οι0 606 600 60661006 600-
0003006106 606060 6000 610 101010000 60606 610601 600110130οο0
100100 1111106000100611000603 306006011, 01000006 01061 3001116131, 600
601660, 000 010 00030006600 60600, 066 610 A. 60600 66006160
600066006101111) 610 Art 610000 60660100 6001100001 006 600000·

3006100. 1100 11016011 101 06130606000

6001001603 3οι0100 scd-B. 161 011060 0100 016100100, 0000 0610130 600
6006106603 600 Strashammer 610 6160063 600 (10110061060100 sehon 66·
durch 0101001, dccc 0000 60601031 610 6000000 601001 666 001060 10010 600 661-
100600063 600 601011106οο nicht 00011000, 00 6000 61061 00016006 600 11011003
600 11006663 610600610οι000οο 60060610. 6610130 01000 601. 600 060016666010
16. X 1863 (hir-131. S. 36, 111103110666. 2. Aufl. Ι 6161) kann 3010100
fl. 6(1 606 12 600 000000.Ρο110010000.-600. 11.111 1850 0006 0160 606001001063
600 60110060000066609 mih 610010 610 30 ,Α 6060061 000600.

16006016 600 60610100 600 6060616011. 60600000661000616011609
der 36106 00600031001101100606000 001 ι1010033600 0063061606οο 610

 

