264 (101300, 1101010900. 1103010013 d. 00113. 11110100σέ01. 111 1011001011.

110110100111011113 uber 100 101110011301110013100130001110 nan der·
selben hinens vorgesehen, 01111101 100 1103 101 1011000013010101013,

1110010 1010101 101101101011 1011101, »1000101 01101 110110
101101010300010011101001101131011 100· 11010100 0101 1011 111013
111100101 Kirchenhnheih 1001010100, 101010 1010 1111011113010110
1111 01100000, 1031111101 lasse« dle 001010 (1000100 1000101001
1110010110 (1000100 10111. Juh 1872 1011011011 100 01101 101110-
00110010111001, r0m4.Mei1874 1011011001 110 101111101013 101
0110113101 1110111013 ron 11101011011011, vem (1.1011001187110-
11011011 110 10111011103 100 Ρο1001000101100 10111011130111010
11000111000013.

1111 1011001011 10101010 11011, 1000 11000 1010101010110,
1010101 0001 011011011000101010130001100001 werden 111110, 011
100 010101 01011101110101 11101 110 111010111010301111101111 Dreehe's
’1100110 11001100101001; 011010 10131101110101 8001111113113 01·
3111 0101, 1000 111 0110 0101110111010111 101 10100101011 1010113010
111000103000100 000101 1101011300 (100010301013001101100110101οο
0110 Reicheenmpehenz 11 111011101οη 103010301101101 101000100-
01111100 kann. Und 1011 0101 11101 11111301101010113010101100
10111110 1870-1880 110101011101 30101100 0111, 1010101110111130
1100101113 01 1111110103, 1100 1001 1101010 0110 0030001010 Kir-
ehenhoheih 1001010 ¹), 00 10101 1030300 011010 mehr 100011010
1101101 1. Β. 11111110101 101 110 1101010103101113 00110111000111130
1100101113110 01011111, 0011011 01010 111 1111011103 101 durch
die 11010101011000113 3010301018011111101 301101301. [100101111101
unuh die Resoluhion 1011 1010111011, werin die Ahgenrdnehen
1111 001 (10100001 dem 11010101101101 3030011101 110 1111011013
01001100101, 1000 dem 1101011011301010011011 11010101 1000111101-
110101 (10001101111110 »1101110 1111111113 101 ο11130101ἰο0100 01111-
010 111 11101 110 0111113 101 (1111101111010310101 101301031 101101
0011100 ’11 1110111110 1013 0010110101011131. 11000110 1100101001,

. 1101111010011001100. Die bieher 0110000000 1010103000100, welche 11011310100030·

103011οἰ100 10111100, 01111100110130010111101 F. H. 100103,110111001 100
110100100110, Freiburg 1893, 8167 eq.; 11111οΗ0111, Ketholieehee Kirehen·
recht, Pederborn 1898, Β. 1, S. 1063 1000111130101 W. Kuhl, 0. n 0. 8. 182, 188.

l) Die Mejeritr'ehen 100 110101010300 heheu 1110 Competenren 1110101101·
0011101, 1110 ι. Β. 000 101 11εο011110οε0 110010111101101 0101011110101 10101030·
0011110101 10301113 dee 3001111101 0110100000110 0101 11001011110111011110·
1111013 101 (11111010 0110111.

2) 810113101110011οΒ0110110 11101 1101011011110300 100 deutschen Beiehe·
10300, Berlin 1872, Β. 2, S. 10116, 1151 1111181. 1100101οῐ101 101 Dr. 11111011
600011101101001110 100011101113100 11001100 0011 1110111011 der seruiteu

 

