352 1616616616666116, 6666 aa 11666661166666666 ‚a 1166.

11661661 666 11611666111611611166 1122 666 11611666111666661161111166. 1
16161666661 6166 6616661666 616 61661611661161666111166 16 dem Diplom
1616611611. vom 16. 61611 1365, 616 666 Ρ1666166166666 61616166161
6666616 141661661. 6666161616 8666161 (166611 1436 6116666666, 2
666 661616611666666161 1616166666 Ι. vom J. 1654 6666 666 161666-
gegangenen Religionswirren, 616 166666166666 66161611616666616166

8666 666 1611666166166666116. An 616 (1666616616 666 06611616 616

661 (1666611611 161666 6666 6166 116166166 866616166161666666166
661616161 6661 616 86616666166666116611616 161 6611616161, 616
[161161611116-6666616616, 666 666116166166611666166, 616 Digni·

16166 666 (1661161611. 6. w.. 66166 161166616166616 666 61666366 666
1611136666611161666. Angehtngt ist 616 166 6616666166 G. 116161
1611666166 661666166166666 161161666166 661 6166161666611616661166

vom 1616616111. 66. Zu diesem 61116166 16111 661 86616666 616
61666661166666 116ςὶ6161, 6616 616 16166666- 666 866616616161 16 6616
1166616666 1616661661.

6. Die 816611- 6611 Κ11666616616 des ,1666111166 von Salisbury. 11661
666 6661166 6616661616 666 auf 161666666161111666 Β16661616
6616166611 von Paul (1611111166, 1616111661. (1616611 A. Ρ611666,

’ 1666 1111661116. 61 ( M).

1116 8661111 16131 666 81616666611611666616 1116 6616 8116666
6666 061661111161, 6666666 611616 661 protest. 8166666611 desselben
66116111111 666 66661611 mehr 661666666661666611661616166116· ¹
1161166666 661666666661 616 6116616666 quellenmtssige Darstellung
gaboten wird. Die Aufgabo 661 6616166666 666 1611116666 (1611611
161 6666 166666 1. 8. (1116-1166)161116666166666616661611161-
61161116666 11616ἰοί16666 166 666 11161 8661661616 6616616666666.
111 611611 gagen 611666116666 16 661 611666 116 116 816616, 666 16116
666 1161666 666 11611166 8166666 bringt 166 sogar 661 616 1666 166
661 6666616666 666 11166666661666. 6661166 661 816616- 666
611666616616 1. 1. 8. 6166, wie 616 1616616666 8661111 66616611, 616
(1661Ρ1616166 zugeschriebene 6661111666, 1616111161611616616116666,
1611116116166 gegangene Institutio 1161666666 6116 1661616661, 661
6616616666 81661 666 81. Angustia. 6666611611.66611666116611661
(116161 VII. und 666666 61166116666111. 1666666666166661116161663

. bis 166. 1. 8. 6616661661, 161 166161666 6661 6666666.
Dr. 1166. 86666666661.

5. 1116Ε111161611669661 0166611611611 in der 86616611 6611 L. 11.
6. Salis. Festschrift, 6661 8666616161161611661616 M 661611
1761666161611616 1166611111 J. 1894 6661161611 666 der 1111161.

 

