420 811911, 1111111111 31111111111111111111911 811111 1891-91.

111. 11 1 111 Fran 1111111111 1111 1111111 stamma·
1111111111 111111111111, 111111 1111111111 1111 111 1111111111111111
1111111111 1111 111111111111 1111111.

45) 1. Juni 1894, 111. S.. jur. W. 94 S. 370. 11111111111111111
9111111111111111111111, 11111111 (111 81111111 die 111111111111111
Kinder 1111111111. 608. 308) 111111 11111111 1111111111 und
sich 111111 1111111111 1111111111 11111111111111111, 111111 (1111. 1111
8.-11. 71 S. 90 1. 63 S. 425) 1111 das 6111111111 1111 81111111
1111111 1111111111 eines ›etwaigen Scheidungsurtheils.‹ Im Wege
111111111111181111111111171111 1111 111111 8111111 1111111111
1111 111111 111 8111111111 111 111111 11111111, 11. XVII 129 und
XVIII 186. 11111111 111111 1111 (111 11111111 1111 1111111111 Manno
11111111 111, und 11111111111111111111111 311111111111111111 111111 111
1111111111 Lage 111, 111111 ’1111111 1111 1111111 311111 1111111-
1111113 1111111111111 111111, (111111111111 11111 1111 1111111111-
11111111 11111 1111111111 ’1111111 11111111111111111111111 (1111114
nach pr. 1111. 111. 1111 3111. 43).

46) 14. Juni 1894, IV. 8., jur. W. 94 S. 443. [11181111131-
1111111 findet 11111111111111111 911111111111111111111 1111111πῶ111
g. 699 A. L. R. 111 1111111111, dass Beklagter 1118111111111111 4
111111111119111 (1111111 11111111 111111111, 1111 11111, 1111111111 ’
11111111 1111 11181111111111111 1111 11111111 1111111. 111111 1711-
digung 111111111111111 werden. 8111111111111 1111 811111111111-
11111111, 11 1111 B. G. 1111 8111111 11111111118111111119111111111
11111111 1111111111 111; donn 8111111111 111611111111111111111111
8111111111 111 1111111111111118111111 gebrauchten 11111111 und
11111111 Schlage getroffenen Organs 11111111111111111 11111111, 1111
(1111111111 (111 7111111111 11 1111111111. 9118111111111111181111.
1111111.111111811111111111111 1111 111111111111111 und 111 111
1111111 111111111 1111111111 11111 11111111 8111111111111111111·
gangen 111, 11111111 11111111 1111 811111111111 111 Wego 1111 11111111

des Frageroeht‘es.
47) 81111 1894, 111. 8111. W. 94 8. 462. 111111 8111111

11111 Ρ111111 11111 81111111111111 11111111311111111111111111111111-
1111 81111111111, 111111 111111 111 1111111111 ’1111111111 die 11111-
(11.1111 1894, V. 8., jur. W. S. 463) oder 8111111111 (6. 011 1894,
V. 8., jur. W. S. 558) 111111111ῑὶ111 11111111 durch 81111111111-
11111 (11111 11111. 6. 011. 1894) 1111111111 1111111, 1111 11111111
1111111111 111111 (111311111111,11111 11 allen Ρ11111111 das Rittorgut
111 [1111111111111 111111 tragon 111111, 11111 dagegen 1111 Verpfliehtung
11111 einzelnen Ritterguts 111 Tragung 11111111111111111111111111

 

