. 418 1111111, 1111111111 811111111111111111118111181111111891-94.

»81111111 11111111 8111111111 haum 111111111111 1111, 11 1111111
»zur 1111111111 ihrer 8111111111 111 81111111111 111 8111111111111

»zu (111111 111111( ((111. 111111. 81.-11.·8.192.) 111111111118111111111111

11 81111111111111 1111111111 nie 1111111 11111111, 81111111111Ρ111.·0111111111 ’
1894 8. 111, (11111) 1890 1 245, 8111111 1893 8. 1541. 11111111111111181. ’

11111111 81111111 (App. (111121. 111118361111 8111111111 (1111110111. d.

8111. 1881 p. 314) 111111 111111 111 11111111 81111111111111111111111 du ,

1111111111 1111111

36) 11111111 1894, 111. S.‚ jur. W. 94 S. 266. 11 Frage
11111111 111111111, 11 111 1111111111, 11111110111111111111111111111 (11111
8. 415) 11111 8111111111 111 dem 8111111111111 1111111111 (1111111111
1111111111111, 111111111,11111111811111’111111 1111111111. 8111 1111111111
1111111111 111811111111111 11181111, 11 denen 1111 1111111ῑὰ111
1111111111111, 111 vom 811111111111111 (11111. 158, 11111. 111.-11.
87 8. 131, 111. 8111111111 Archiv XXIII N. 34) 1111111111 worden.

37) 19. April 1891, VI. S.‚ jur. W. 94 S. 320. 1111111111
1111111111 111 1111111111 1111111111 1111111 111 81111111 11111
11111111111111111, 11111111111 111111 81111 11111111 8111111111
111111811111111111111111111111, 1111111111 11 111 11111111 111
1111111111.

38) 24. April 1894, ΙΠ. 8., jur. W. 94 8. 326. Nur 1111111111
111 81111111111111111111111 81111111111111 811111111111111111-
111111111 1111 111 111111 111 1. 721 1118. II 13 1118111111111
⁴ 111111, 111111111111 11111 1111 111 111111 Μ111111111 8111111111111111
Weigorung 111 1111111111 Ρ111111111111111. (1111111126. April 1894,

39) 24. April 1894, 111. S.‚ jur. W. 94 S. 285 (81111 811111-
1111111. harh. Kirchengerneinde). 111111 11111 1111111111-111111111111
111111111111 kann eine 11111111111111, 111111111 (1111111111 11-

111111111111111111111111 1111111111 werden. (111. 1111. 111.-11.
117 S. 124 ziff. 12.)

40) 30. April 1894, IV. 8., jur. W. 94 8. 380. 1111 pr. 811111-
1111111111 10. 1111. 1849 1111111111 1111. 38, 1111 111 Kr'rch-
und 811111111111111111 8111111 111 8111111111 1111111111111111-
1111111, 111111111111111111111118111111111111111 111 dem 111111111-
patron oder den 8111111111111 1111111111111. Die 8111181. 11111
1111111111111111, 1111 111 1111111111111111111111111. 8111111111
(1111. 1. hh. 66 8. 255) 11111111111111,1111111111111111111(11·
111111 11111 (111111111111 8181111111111111111111111. 11111 1111111
8111111811 11111111111118111111111111 111 1828 11181111, 111-
11111 111 1118111111111111 1111 1111111111 zum 811 111 1111111111,

 

