288 Myer. 1101000900. 1109010119 0101101110001010110101 nemaeum Ξ

11010 0010 1010000 001 1111010 00011110011010100001001000-
00111οἰ00 0100 dem 1011011 geltonden 1100010 10 0010030110100
1101000100, 1001 010 confession seinos 11100010 0010011001ςο 00010-
nungen zu 1101100, 00100100 101 110100011001100001000111011001110000
durch die 101000000001100001100 11011000 0000101001101 000 00-
00011011. 1)οςος00 0011 nach 000 110111001010110100030001100011-
1101110110 010 0010001001 000 0010100000 1000011101 01111111 11010001
»es 001100 01011100 0010001000 10 1000110ος 001 8010011101οΡοηοο
00011100010 010 11010000 1100010 000 11110100 0111301011 001000,
010010001000 10 55. 1504, 1500, 1500 0001000001001011011101100
0011011 10 000000ος 00180100 1111010 Person 000 1110000 0010010111
0100. Das 111110000001000110 Ansehung 000 111000Ιο 10 010 11000
001 00011010000000011 zu legen . . . . kann 010 1000110110οἰ3 010111
01000101 1101000, 00 001 10110000 010111 dieser 11100100110110110001
1101010000001101011101100 1030101003 000001 10 0001100000 10001

Lago 101, 010 000 1010000000011030110011).1 11010000 101010 0001- ’

1101011000 10100000000110101100100 0000011011, 010 0010000000-
11011000 0010100000 001 01101110000 (1011011 91000ςο01001, 10 Folge
000000 1101 00100100 auch 0001100111, 100101011011001111100000001000
11100010 0011100100 0101010011οο Um 01001 1110110010 0001000000-
11000001 00000010 ’1000001 1111010 1000000100, 0110010 001 Vor-
10000 11010 0110ος0 0000 001 0001000100 000 11000010 00111011 1101000.

Dio Fmgen, wie lange das 11010 0110111000100011010000000011
11000) 00011000000100011011000010, in 10100001 1011000110 010110·
ligionsmnndigkeit und 000 1100010010011001001 0100000011001011·
110100 00110, 111100 010 *100111ος00 100 1101110 11011 10 00100001οο0

--—-

S. 800 - 0001110011 010 1101101, 0000 11000 101010 0010100000010111101, 010101
011010 010100100, 11010110 111011 001 01100101101110000 0000111010000000080130,
1111010 Person 000 000 1011011000 000 1110000 11000011. 0010010100οω11 0001
1000111010 001000 1111100301τοίωο 010 1101101 001 1001000100101101110000 00·
11011 001010101100, . . 0001100000 00010000 11011, 10 1101000οι 000 10101000·
10001101011001 1010 0100001011οο 0010100 101, 001 0010001000 001 0000110 0110000.
- 11030000οω111100111010100011 001001 111000110100011000ος 000001 0000
3011000001 11001110 010 0000001001113010 1101000100010 010 10110 (1011011. 0100
0000 000 110001 001000100010000001101οω 10010010001010001100001 1110001.
11000010 00001100 010 1101110 - B. 4, Β. 730 -00001001110111 100 00131000-
01111101100 (1101000100οη 001 01101110οο0 11001110 001 1101101 1000111001 10111011
10101010 0100 1100000010, 010110 0010οη11000101101110000 (1011011 000 101010
01001101110110 1101011 001 1101101 000010010100011 11110, 0000 010 1101101 0100
0000 Ehe 000110001. 10111. (101001, 0001001100 Ρ1110110001 0100

d 1) 10011110, Β. 4, S. 1008, 1102 01111100 0100 0001010110001000011010011
e· Vormun 00.

 

