8171161611, 616611κὶ616 di 6611161616. 347

, a) Seh. 111111 p. 79 6161671671 716 11116176611111111661 766
’111761111116 76116116 766 76761616 167 11161 1117667617 1761761
766161, 11611 616 »mit 11611 81116. (781611865177111661161111-
1161«; 611611 71666 1167616116111111111616711661167 66766 6666111761
761 0111166661661, welche vor Schaffung 766 1111 6611 1161161 6117611-
116161 81116. 8.-Β. 11 761 1161. 7711616166161 661161. 8161671671
76116 eber (p. 861 1667 116 611 1161. (1611671 Sese. XIV 6. 12 617
1111769 76161. 616 dem jetzt 1111111167 6116661611161866716616176,
weil »mit dem Β1116.11.-Β.111161616161ι, 171 6766717611 61111111.
867. 7661111 p. 80, 66116, 6167 161 8667616711. ecel. 11 p. 5661.
577 1161111167 67161676176 766716617666116 761111 zu 7661111761,
71661761Ρ61161616611611161161161 6611 7611 8666116 1611- 19. April
1850116111 mehr die 7116776761, 6617611 716 6176177761 (16116716
61166761761. 1111167 71666, 1111761 66761 11 761166716171611166616
7617611116 11 7617161117167611 761 36771761 111176 167667 dee
861161611667 16166 11671 661161 7116761166711167611161116117161761
6761 661 11 61161661171116761Ρ1116116671611666161111. 118166161,
1616766, 116 8616161, 6116 616616 7616711666611671616111611161111,
sind 11671 661161 1611616 dem 7761176761 R. sich 6716116176 81161116·
761161 761 6176177761 1161167161 7761116661, 661761 16116116 761
Η661666111671, 761 7716617676 66661 71161111.7767161; 6167117117-
16167 61166761761716 0111166116716 fiber die 8166166166711167611, 766
6611611711676 und 7661117616 6611116676 1767116671, 67116 7666 6761
7667611 716 7716161 6761 66161166 1611617161 86611111111661 des
11716. G.·B. 6667 61171666, 1111 716616711167 761 8116116171116117
der (161167161161117167611 761 7766176761 766716616761 61616766-
61611161 7667166671616 1761116661 worden 11161, 1166 7611616111161-
11661661166 7611 81116. 17-8. 711616711167 7611611661 761711111666,
1161676 11671 durch 7161116171167116761761761111666 661666116117,
161111 7711616716 766111111161 8617116166711116161616 611716 111-
61161161 7667166111761166 6761 716 Analogia (16681116. 8.-Β. 111-
116766661661 161761 muse. Η11616711167 761 1716161 611 1116111116
766 761161616 61171117666661 766 711761111611 6716616168611161-
161667111161, 1161676 auch Jetzt noch 611611 1666667617 6117. 761
(11117 766 81116. 8.-8. 661761 771116 766 (1611671 6116166 111. 3766
6111611617617116161611 Oed. 611. 11. 7611611676 76671661161116761161
nur 7611 61166761761, (16661616 116 661116161616 161616666676-
617616 661 116 11611617716111116 71 1666611 1611 1117166 be-
6617616 866716667161 1167161611 766111116761667111161766111761.

De 111 6761766 1111676171. 76116116 761 71161611 1171161661-
67661 7616166611111666 zum 1111116176161 Patronem durch 16166161

 

