commentam 1. 11111111111111111111111111111111. 27

dalton Stoffes 111 1111111111 1111111 11111111111111 111 11111111-

1111 1111111, 111111 111 11 manchon anderen 11111111111118111111,

1111 11 Pars III. 1111111 111 1111 11111111, 1111 81111111111111
111 11111111111111111). [111110111111111 111111 1111111111 11111

1111111111 111 ’11111 111 1111 1111111ἰά11, 11111 1111111111111111111111 1111
11111111111111111, 11111111111111111111111111 1111111 und Abschrift 1111
11111 111111111111 1111111111 1111111 11111111 1111,1111111111111111111111111-
fruge 111 11111 111 1111111111 sehon unathngIg von dieser 11111111111111·
1111111. 1111111111 111 111111111111111111111111111111, vird 11111111 11111111
1111 111 (111111111111111111111111111 1111111. 1111111111111111 1111111
111111111111, 1111 111 Pars III. 11 11111 1111111111111111111111, 111111 11111
111111 1111111111111 1118111111 1111111 1111 111111111111111111111111, 111
ι Β. 111011. Lat. 14403111111111111111111111. 1111111111. Schultz (Rufin-
Ausg. 1. 1, S. XV) 111111111, 1111 111 Pars 111. 111011. 111111111114403,
1111111 Mamm - 111111111111111 - 111 1111 11111111111111111111111·
1111111111 1111111 111111111111111111111. 0. S. 4111111 17), 111 Summa
1111111111 1111111. 11111111. 11 111 11 111 1111111111111111, 1111 8111111 11
1111111111111111111111111111 11111111 111 Textvergleichung 11111111, 111
11 11111 1111113 111 111111 1111 111111Β111111111111111111111111111. Dm
Iohannes Faventinus 111 11111 111111111111111111, 111 11111 1111111111111·
111111,11111111111111111111111. 1111111 jemand 1111111111 111111111, 1111
111111111111111111111111, welche mit dem Γ11111 111 1111111111111111111-
Η1111111111111 1111111111 111111111111111, 111 111 111111-11111111111111 1111111111
111, 11 wire (1111 eine 111111111111111111, 11111111111111111111111111111111.
S. 1111 1118111111111111111 111 S. XXVIII 11111111-1111111111 111111·
1111111111181111111 11111111 11111 11111111111111, 1111 111111111111 11111, ihm
111 1111111111, 1111 111111 11111111 1111111 111 1111111. 111111111111111111111111
11111111111111011111111111111 1111111111 werden. 111111 111111 111 3111111·
111111111111111111111 11111111-1111111111111 1111 1111111111 11111111 1111111113
111111. 1111111111 1111 111111111111 1111111Ιί1111 111118111111 wohl 111111
111111111111111111 1111; 11 1111 doeh 1111 111111111111111111111111111,11111
man OrIginaI 111 1111111 11111 1111111111 111 111 1111111 111 1111111 111111,
111 1111111 11111111111, 11 111 11111111111111011111111111111111111 Be·
arbeitung oder 111 11111111111110111111111111111 1111 Die Pars III, welche die
111 1-8111 (111. 1111111111. 14103 1111111111,111 11111111111111 1111111111
111111-1111111111111 1111111111. 1111 111111111111 111111 1111 111111111111111111
111111 111 XIII. 11111. (111111111111111 dem 11111111 111 XIV.) 111, 11111111
11111111111111111111, 11 1111111 11111111 Summe 111111110111111111111 111
11111111 1111 111111111111111111 dem (1111111111 1111111111 1111.

5911111 1111111111, 1111 111 Iohannes 1111111111 111 Pars III. 111 -

Summa Stephani 11111 11111111111 111, 111111111111 11111111111111111111111 ’
81111111, 1111 11111111 dem Iohannes 111111111111111,(111111181111111,

8111181111111 S. IX, 1111111111.) 1)11 811111 111 11 111 Pars III. 11111111

nieht 1111111 111 1111111111 1111111111111111111111 811111 1111111111111111 und

gleichberechtigten Β11111111111 111 11111111111111111, und 1111111111111111

1111111111 11111 111 11111111111111 11111111. 1111 1111111111 1111111111 1111111·

gfinzung 111 Commentares 11111111 111. 1111111111111111111111111111111, 11·

11111111 Stephan's 1111111111111 1111111 111111.

 

