422 81881, munem 1888198181188888881 1888881881-88.

dem anderen 1118881181 8888811181 8118818188181 111, und 11811 andere ³
18118181181881181181181118181. Die 1181 18118 11811 11811-

11811, 181 111811181 81 ihren 1181188118118188 11118181 auch zur ,

1811111111111181 zahringen. Nur er 181111 181 1181811 1111811111

11888111 1888118811.
53) 29. 0111. 1894, IV. 8., jur. W. 94 8. 583. Das 1118118118

Ρα118881 1181 8118 11118118 kann (§· 574 u. 575 A. L. R. 11 11,
g. 85 11 14 u. §. 629 19) durch 1488111881 1181118111 11888181
181111181881181181 werdon, 118111118118111181811811 »18118111 (118

Κ11811811881181118(1811111181181188 (118 1188118 81181181181111188- ’

1188188, 118 1111181111118118118 18188118111118 dem 1811818111-
1118181181 Ρ11181188 8111111 hat« (ebenso 4. April 1881, IV. 8.,
. 11. 11289).

14) 181181. 1894, 11. S„ jur. W. 95 8. 42. »Die 11111818
181 (1888818181 1188111118881 181 1811181811181118818811811818181,

11811 88188881 (18181118 »De 181118 animarum« 1111111821 111. 10 1
(118 1188118111118 1881. 811 18188118181811181818188118188, 1111118111 ¹

1881111181. 811 1118881111 8. 1888 81. 181111 88 1188118818 einer ¹
881111. Κονρ(11811811;118 8811181188 111881111888181811 181 88181111811811 ³

1118111 dem 81188881, 1811 8111 181181118811181181111181111111181Ρ181811811
durch die (1881 1181118181 0188118 181118188 1111. 011111818181181811188111·
8188188811811811 188111111118 018818 1811811811111, und 811 1818181 Ρ81181181
118181181 1181181811, 1118111881 (1.8 111. 2 Ges. 1. 11 1816) 181 Ρ1111118 (181
118111118811111811118118118,118181181 8118111118 11111811118 (181 1118118 1181
(118 1881111181181 181 18118181181018888 zusteht« (11181181 0181811111811181,
181811. 30. I 1893).

55) 7. Dec. 1891111. 8.,811. W. 95 8. 52, Κ11818118111811

Κ. geg. 1188181118 8811811118. For 81181118181181 811 811111 (181811-
88181888 8811181111118 (8. 75) 111 nach §. 46⁸ des 11118111818111-

88181881 l. 1111 1883 81811 der 1188118888 1811811 811, (1811811811,
18118111 181 18118111881111111181181181 81181118 (s. oben [11111811

88. April 1184).

1111811 1118818118111181 1118181881181118 11 18111181181111111181181
1818111811 (118111111181811 (181 8881111881 111 den 1188811188 8111181181-
1118, 1811 »1181811811888 181181181 811111118111181 dem 01118181188118181·
0181811118111 181 Kirchenpropstes 8111888, 111 1811 118 im Ρ811818118811118 111-
811818118111 181. 111 (11111 (181, 181 1181111811 111811111811188811181 1811·
11811818181881111181881181111111118 1111181181 11181 811 den 11111811 (181
1111818 8188181811, 1181 111 (118118818181 8811181811118111, 111 118 11111811
dem Ρ1811881 1111 in 181181 111881181111 811 88111181111811118111181 1181118881.
Es 1811811 sich 818111 111 811 81188118811118181 (18118181118811 111 (118 881118,
18111811 111, 111 88111. 1111181118 88111811118111188118 (88111. 111 1818 ἐ. 1).

 

