8818188888181. 1888188818888118.1118188888181 18 Dammana. ⁴273

81118888181881 818118818888888888 888188 1818888, 818 881188 18188
81888188 818881188188 188888 188 1881888188188 888 188188888818-
11818818881888 8881818188 818888. 1118888 881 8181 8881 11811
8111 1118181811 881118 888881181888811888, 18 188 (181181 188 8811811888
Κ18188888181888 8188811181888 8881118888 88 81888 8818888188188
’11811888 188 88881888188188188 1818818 8888818811 8881 8818888 188-
8811888 881188 888 118 1881188118 1188118 88181188 1188181888 888
1181888 888 88888188118811188, 888 888811818888 8188, 8881188118·
881118881181888, 888 1181811181888 88188818118188 11181888 im
1888888818888 8811 188 88881888188811888818881881818888888811,
1. 18881881888188188811118188(1888181188, 18 188 1188881818 Ge·
88181881 8811818818888888888, 1888888 1181881888 888 11181888 888
8881881188 1118818818 8818188888181888818 8888818888 888188, 8811
188 8818888 188 1188881181881188818188188 118 88881888188118888-
8188188 81811 mit 188 888811881181 881188811888 181181181181811 go·
8818188 1818818. [1188881181181811 188 881818888818881888 8811, 88-
8811188 8818 888818881111818 (181181 118888181188 88181, 18881 118
181818888881888 1188 118 188181811888188 Ρ88888888188188, 118 (18-
8181188881888888 881 18881881888118888188 8818. 1188888888 881188
188 88188181181818188811, 88818 8118 1188888 188 8888181888 881
18181888 188 11188188881181181881811 8881 818 8881888881181181811
188 11888118188 88818181188 1181188 ¹). 18 8188 8188888118 diesem
118118 888 8188 18 188 (1888181888 818181111818, 818818 18811881·
181188 18888888 118181 81811 818181818818 8818888818 88881881888

888818188. Im Η1811181 881 8118 8888111188 (181818 181188 818 ’

1818818888 1881, 1888 (18881888181818, 881818 818181 1188 18188188
188 881818888818881888 1888881888, 8881888 18 11888 881188 181-
81811888 8881 18188188118118 188188888818881888, 88818 118118
1111181811 188 1888888881, 1188188· 8818818188811818881181188,
888 188881888818188888 1881888 88 188 1181818188 8181188818881
8881818881).

l) 1118 confession 188 1118188 888 88881881188118 18188 1888111888
1188 118 (1811188188 188 188188188 118888118188 1188118. 1188118888 881 1818818
1891, 8. 98, 8811.

8118881818188118881181888188818 Franz 11881888, Die (1881888188
188 1118188 8881 dom 88118818818888188188 888118. 118188 888118888188 88·
8818118188 881 888811888 888118888888, 1888 188 8188811181888 188818 881
1811888188 1888888888188. 11188188 1894, 8. 1-1. 1188118 88888 8818111, 88
8181888188188 1188888188888 1188 8881888818 118888 881188 881 8888881181·
1181. 18 811181 8811188 881 1188818, 18881818188 1888188188, 88 118111881·
188888 118888 181188 1818888 8818181188 8888888888, 1888 88 1188811888 881·

88188 888 81811, 8188 888 11818181881118111818181181181. 118818818118118118·
1881818 118 1118818888811. Lxxm. 18

 

