Rechnpr. 1881881881. 1181818981. 18 811818881881884. 829

(1888181818111181881188188 11188888, 118 111818111111388 oder 1118888 188
88118188 181 11188818, 8881 8113818818 118 1188111883 38118881 118· 881 188·
31838 8. 8. ιι. 181118188, 18111811881188388 88181118388 81881 (1811111818
118 4 Α 1818138 11881. 8818 888. 411 1111. 11, 188181. 0888. 11811. 118881
19 8. IV 21, 181388 11 108 8. 118, 18131. Ρ881811818 18138 18821 848 811
288, (181381 frana. 81.·Κ.-11. 14 A. 6¹¹. 1881 881818 8188188 1818388 118
1181811181883 181 88118818888118889 81188181811Ρ81188111181881 131. fi. 59
181 181. 8111188118883 18Ρ118. 111. 1118188118 »881,8813818181«,1.1ιι1.,
1131888381811 S. 93, 1881. (118-(1888818838 1898 S. 181, 189 8. 112.

1. Dec. 1894, 1. 8., »1118188818 (1811. 1811883) 18 8118881813
111. 2828. 288. [118 1811-11818111811811 1881111818881811888188 1888
als 818 8888111818111811181 1811. 18118, 8188 118881ιί88883 181·
selben 18181 als 8188 Beschimpfung 1813818888 1811. 1111818 88138-
18881881188. 1118181881818818181, 81 188 1183188 mit 8188118181

(1811888883 8183811111 worden ist.

Am 12. Febr. 189411811 1181181111118118811188181 18 181 81883. Ni·
18181111818188118811. 81888 8118811. 1811183 1181 118 »18881188 881 1118
1118181818 188888 18118818 8181888111118, 881 881181188 181 18881188 1818
Pius IX. 188 188188111188 1183188 der 18181111111181188 88881881 88838·
88188188. Die 1888881883 1181 8188 1188111818, 1811818118188 1818181888
3881811811 181 1181881 188818 1811881888, 1888 8881 1811. (1818111818 881881
»1881818818 1811818188. (88 1818888 8181188111818 11813188, 118 8118111831
8881 81811 188 181 1118181 18181 38181188 1181188 111188.) 18 118881, weit 1181
118 8188888 81881 811881188 Κ11111 11888838188188 1888881883 81118118 881
1. Juni 1854 188 1881381811 8118881813 8188 8888118818831811811811818
881 181811181118 M. zu 118881 ’1838 (1818831ιὶ881 11888181811888131818188-
11881 88118118 8188 1818811883 881 1811118883 1818818888111818818118181
181181. 1111818 881 181811 1813188188 181181. 1111818 881181. 1881 ’118118818818
188 81.-8.-Β. 188 881 81811 118 1111811 181 8881183183 8118118181 ; 88
388138 88188 188 88888818818181 B.

Die 18118188 818811818 88 8811118181 118 88811881883 81888 1188888
1183188 81811 88188 1118888118111883 181 388188 11118181 8181811181 1818
man 8881 188 188111188388 1881811 188 11181118188 181188 881 188
(1838811181881188181 1811118113 1888818111881. 188 88118388. 1118881·
1811188 88118 1811138881 1818818118 8181138813881 3811111311 8888111813
881 8838813881 881 118 1881181883 1818118118888811 »1881818288888888-
181138 181 88818 3811 188 88888881εεί8 188 1838118388 188 181 Bo·
8811881883 1811881 18188 881111118188 11811188 188 1838113188 1818 8181
8181181188 11811 »1818111131 818111 88 881 11888118 181 Hune 1881181-
trago entschlstpst.

1183881181 (181 88118188 1888111883, im 81888188 (18881188181818.(181·
811881 11881 188 1183818188 1810 38181811818 18 188 1181818188188 81838·
11111, 881 118 81818118111811813818 88 818118 88, (188818 anderen deutschen
1181818 188 1183818 81811 1881 8181118188 Ρ1888181118313 881, 8111118118 118
181818888811181811, 181818 818 118 1811811883 181 88118188 18-
811183181 §.166 8811111 8881 11818 anderen deutschen 8881888188188 mit
11818818118881881188 8881888188 118113188838881188181188 (118118818181, 11118118·
11188 u. 8. 1.). 118181 1188118188 1888 8881 118 188811881883 18118118,

 

