ΧΧΙΙΙ.
11111111111111111111 1111111 111 1111111111.

1. 1111111111111 111 111. 111111-Ρ11111111111 Τ1111 111111111111111111011-
currenzstreitigkeiten.

1111111 1111111181. 1111116211. mitgetheilt worden 111, 111

mit 1111111 111 1. k. 8111111111111 1111 ’11111 und Vorarlberg vom ¹

16. 11111 1891 Ζ. 6179 1111111111111 worden, dass in 6111111111·
11111113111111, 11111111111 6111111111 11111 1111111111 111, 111111-
111111111111111 11111111 11111111 111 8111111111111 111111111111 111.

1111 dem 11111111 111 1. k. 11111111111111111111 1111 13. 11111 ,
1895 Z. 44827 11 1892 111111 11111 1111111111 111 1111 111111111- ’

1111111111 1111111111. Die 1111111-Ρ11111111111 1111 11 11111111 ¹
11111111111111111111111111111111111 111 111111 111111 1111- ’
1111113111111111111111 Fonds auch 1111111111111 in administra·
1111111111111111111 1111111, 111 111 11 11111 1111 1111111 111
111111-111111111111 gagen jede 11111 1111111111111111111111111111
111111111111111111111, 1111111 111 111 111 111111-11111111111111·
11111111 1111111111 1111111111111111111111 1111111111 111111111111-

, 1111111, 111111111111111111 111111111111 11 1131111111.

2. 0111111111111111111111111 111 81111113111111 fiber 111 Η111111111ς 111
11111111 111 111111113111111111 7111111111. “

11111 18 des (11111111 1111111111 111 81111111119111Κ11111
111 Herstellung und Ethaltung 111 11111111111111111111111111111-
danmando, 1111111111, 1111 111 811111111111111 11111111111111111,
1111111111 111 1111111111111 11111111 1111111 111171111111111111
11111 1868 111-Β. 48 111 111 81111111111111 iiber 111 Η11·
11111111 111 11111111 111 11111111111111111111111111111111111-
111111 1111111111 1111111 011111111111111111111 111 1111111111111-
1111111111111 1111111111111111 11111111 011111111111111111 111-
1111111111111 1111111111111.

1111 111111111111.1. 1111111111111 1111611111 111 111111-
11111 vom 15. 0111111 1887 Ζ. 19914 111 11111111111 0111111111-
111111111111 als durch (11118. 55 111591111111111111111 5. 1111
1874 [111-Β. 501111111111 1111111111. 11111111 11111111111111
Bestimmungen 11111 81111111111111 fiber 111 1111111111131111111-
11111 1119111111111111, 11111 1111 11111111111111 111 11111111.
(111111 111113111131111 11 11111 11111111111 (111111111 1111-
111111111111111111111, 111 111 11111111111111111111 1111111111·
lichen Instanzenzuge‚ 11111111 11111111 1111111111 111111111111111
311111111 11111, 111111 (1111111111 111 11111111111.

 

