316 1111111, 1111111911. 1119111119(1.11111.1’11111111111.11 11111111111111.

111111 1111111111 1111111111111111111111 1111111111 11111111 111111 ¹).
111111 folgeriohtige Entwicklung 111 11111111111111111111 11111111·
1111111 11111111111111111 1111111111111111) 111111111111111 111
11111111111111 1111 1111 111111111111111, 1111111111111111111111
11111 1111111 1111 8111111111 111111 1111111113 11111111111111111
1111111 1111111111). 0111 111 1111 1111111111 eines soge-
1111111 11111111111111 1111111111111111111111111131111, (1111111111
1111811111111111111111 (111 111111 111 11111111- 111 81111113111111-
111111, 1111111 11 1111111111 11111111 1111111111111111111111111111

1111111 11111111 vom 111111111111111111111111111111 11111111111111.
1111 gegenwnrtig von 811111 111 1111111111111111 1111111111 111
durch 111 Kgl. staatsregierung 111111111111111111111111111
11111 1111111111- 111 01111111111111111111111 111 111 1111111111
111111111111111111 1111111111 1111111111 111 1111111 1111111111-
111111111 Β1111111111111 1111111111111111) 111 11111 111 Fulge einer
unrichtigen Auffassuugswoise von (1111111111111111- 11111111 11111
1111111111ηὲ 111 (11111111111111111 111 01111111111111-111111111-
1111111 consequenter 11111111111111 1111111111 Bestimmungon.
11 Sachama 111 durch (111111 1111211111 1813 1111111111
»1111111 1111111 1111111111, 111111 111111 111111111111111111111111-
gaham, 11111 11 dom 1111111111111111111111111111
111111111111111111111111111111111111111111111. Die 11111 11111-

*η--ιι--ο--κ-

11119. 1111111111 111 Friedrich 11111111, verordnungonsammluug,

2) 11. 111111113111111311181. ’

1111111111111111 111 11111111 111 111111111111 1819-1861, Steno-
graphioche 1111111111, S. 19, 80. Κ111, 1111111111111111 111111111111111
S. 3⁴3: 11111 [negorio 111 »1111311111111111 111111111111111111111111
11111. 1111 11111113111111111 6. 11111111 1850 11111111 1111111111111111·
einigungen zu religibsen 1111111. [111 G. 1111 19. April 1869, 111111111111·
1111111111 81111113 111 11111111 (11111111111111111) 11111 111. 31 (111 111·
1111111131111111. 3111111 111 1111111113111111111 111 111111 (1111111111-
111111111 1111111111. Ζ11111111111111 1111111111111111 1111 111111 (11·
11111111 11 111111 nach Massgabe 111 1111311111111 (11111111 111 »11111-
1111111111 11111111 1111 111 11111111 bei Ermllung 111111 1111111 1111111-
goutte 11111111111 Bodingungen (111 1111111 1111111111111111111 1111111111
1111111111Ρ1111111111111111111111111111. Dies 1111 111 111 1111 111 mit
1111111111 111 ’111 lv, 1. 9111111111111111111111 1111. 2 (111 11. 1111111-
11111111111 1111111111111111 111 1111111111111, 1111 111 1111111111 Ver·
1111 uberhaupt 11111 111111111 11111 1111 »11111111111111111111111 11111111
11111 1111111111 11111 11111111111111111111111 01111111111111111111111.

41111111. 11111 1111111 Commenta zu 11. 11-13 11111. 1111111131-
beilum, 8. 118, 1111111111 1111111111113 111 1111111111111 11111111111111
111111111111111111111111, Β. 11, S. 111 11131

 

