1

11111113111111. 1113111113 11111113.11111111111111.111 1111111111111. 289

11111 11111 11111111111311111311 [111111111111313111 (lem phy·
1111111 1111111 1111111111.

Nun 1111 1111 Η1131111311111 11111111111111 (1111111111 Wie
1111111 11 1111 1111 111 81111111111113 111 11111111111111111111-
111111113 111 oder 111111311113111111111111111 11111111111111
111 §- 106 (111 1111111111, 1111111, »111 1111111311111111111111311),
111111 1111113131111131111811111 1111 die 1111111111 0111113
1111111111, 1111113 ist« ¹), 11111 uach 11111 81111 111 1111111111 (111
im 111111131111111111 1111111111] Bestimmungen 11111 111 111111111-
111111111111113-111 111 11 111 1111111111 6111111 1113111111 11111111
1111 nicht 1111111111 11111111- kann es 111111111111111111111311,
1111 11111131, 1111111 1111111111111111111111111111111111 11111111-
311111 111111111, 11 1111 111 1111 111 1111113 111 11111111 sind. 111
11111111 daher in Zukunft 1111111111111111311111 [1111111111111131-
11111131 mit 1111111111-1111111111111 1111111111111 11111 mehr 1131-
111111111 werden. In 111311111111111 11 3111 91111111111 eineder
1111111111113 11111311111111111111111113111111,1111111111111111111
111111311113181111111111113 (111 111111111111111111111111113 11111
mehr 11131111; 111111111111111 111111111111111 waren 111111111111
dor 1111111113 111 1111111111 quoad mixtam religionem in grosse
81111113111111 1111111111 111111111111 1111111 1111 eine katholiseho
11111) 113111 11111 1111111111 1111111111 1111131111111111 81111113 111

l) Karl Schmidt 11111 11111 1111311111 111111111311111113 1111111111 111
111111 1111311111 1111 1111111 111 11111113, 111111 11111 111111111311113,111-
111111111111111111111 1111131111 Durcbmhrung 111 111113111113 verein-
111111 1111311111 1111111113 in Wegfall 1111111 Eine 1111113111111131 (111111111-
11111111 1111111 11111111 11111111111111311111. 11131. 1131311 F. 11111111,
111111 3111111111 11111111. 1113 1861, S. 42.

2) 11111111 111111111111113, 8111111111 811111111111111111111111111111
111 1111111111111311111113111113111111, weil 111 1111111111111331311111
31111811111111111111. 1111111 1111111111 11111 11 11111111131111111111111111

l 11111111131111111111111111 11111111111111131111111111111111Β1111111111311

1111 11111111111131, 1111111 11111131 1111 111 confession 111 11111111 111111·
1113111111111111111 111111111111111111111. 1111 11111131111, warum 111
111111113111311111111 11111111 111 111311 111 1111311111 111111111111113
11111111311111113111111111111311113 1111111111111111, 11131 11 (111 (111111
das 1111111111113111111111 11113111111111 111111111111111111113. 11111 vom
81111111111 111 1111111 11111. 1111 111311111111111111111111113 111 1111111111·
1111113 uberhaupt 11111 111 1111111111 1111111111 1111111 11111, (1111111 111111.
11131. Kar! 1111111111, 111113111111111111111111113, 11.91; 3111111111, 1111111111
1111111111, S. 493 sq. '

3) 1111111 1111111 1111 (111 11111111 111111111111111. 11111111. 81111111
11111111 11131111 11111111 18111 (111 111111111111111 1111111 1111111113 111·-
wigorn, 1111 111 11111111111 111 1111111113 11111111 11111111111131111·

111111 11 1111111111 1111111. 19

 

