1166111 der 1111111166111 der Ρ161111611. 207

1161611 wir 111 111 11611 111 1611 1611113631166161, 16 61-
311111161 111 161 (1616116116111 661611161 1611590, 1605, 1621,
1623 und 1614 111111111611631161611161111111111611, dass 66 16111611
1111111161 1611611 61116 1611116116 1161111161ηά 6161611166 6111611611·
1116168116116116611116166661. 1116 1611161611161111116, 11 111 61116
Collegium 6611611161, 111 61111111616116161 1. 1. man weiss eben 11611,
ob 111 (11111111661163 111 111131111611616 16166611161111111111611
11116 man 111 161161161161 1111 8611116111 611161 16111116111 11611.
1161111116 1116, 11616161 11616 111611111611131, musa zum 1111161161
61111111161 1611111111116 36361 161 11611111116111616111161 11111
1111611111 illm 1111 1116 11116 111661111161616161116611161161111111·
161 111 16 36661 111 1611161116 661161611111611. 11611161111111
6166111111111116161, 16 1111161 wir 116116161111361, 1161 116161116116
1116111116 11161, 111111 11161 11161116161611111616111161. so 6116161
1116 61166616611111166 1116 11666166 611 der 1616161161, 116111 111 ihr im
176111111661161811661116616. 1111 1611111161 116 (61116116 1116111116
111361 will, 111161 1161111111 161161161161, 1161 11161616111-
311161 6116 3611136116 Ρ111611116611661116 zu 1161611.

2) 11161 611111 111 111111 161 111116166111111611161 11161
6116136111611111111116161 36166 11111 11111 116111661116 113611
11616161 11166111111111 61161161. 1116111 6161116161611161, 1116 11611
1161161 161361 11111, 161 61111161161161161611113 11111611161616·
1111611616. (1111111161 161 Bulle (1166611 XV.

(111116161161611111611 16161 Reform 161 1161111111 11161
(116661 XV. 111 161 11611166 (11111111 16161166 1161161166 6616111161.
ι 1111 ihm stand 161 116111616 61111111-1161616 (1163611, 11161116,
661116 1161131161 1161161 11361666111611 11 61611611 1111611111611611
1161161111). 1111 3611611166 111 111111611- 1111161161116111 11611
3666111 ¹). 1111611111 auch 161116 11611616 661161, 111 116161 (11111111,
11616161 1161611111 11611611 (161611161 1111611 6616111161 111116. Nun
publicirt 1161111161 161161111111111131 »De prudentia 11 creando
Ρ61111166 Maxima« 111161611611 1161 1111168161161

1) Zu der (1111111611111116 1116111161 bei 1161111611, 1116 Β1116
»1616111 6161 S. 6, Δ. 1, 1111 (11111 1611 11611116 13111111 1161111661, Go-
1611161116 16181111 Rom. Β1. 111, 11111. 2, S. 610.

2)11161’161111111111116116261113. 1116 Bnlle »Aeterni 6111 S. ’1, 12,
³4 6., 611. 111111 11166611166116161111 (1611. 1251161Β111.1111.1111111.(6611.
(1.393)1111616111611661111161 111 161 1161631161 1161161161 116661 111 161
1111611111 J. 611. 54 ff. (1116 Ρ6611111111111161 S. 261, 161. 213, Α. 1)
6616111161, kann 111 1111111611, 1616161111611111116 6116161116111611161
11111361 161 116161 6116161 11116111 (S. 12, A. 1), 11611111116111661. 116611
1611611111 11 1611111161, 111111111161611116111111611 16111 noll.

 

