1111111111 11111911111111111911 811111 1891-91. 405

8) 28. 8111. 1898, 11. 8., 81111 XVI 8. 11. 11111 1111111
11. 1111111 11 Naumburg 11111 111 111 8111111111, 111 111111111-
selben 1111111111 8111111111111 111 111 Ρ11111111, 11111111111111
8111111 111 1111111 gegon 11111111111111111111111111111111111-
11111 1111, 111111111111 11111111 11111 1111 111 111 81111 11111111
111 11111111 1118111111 111 111 Κ11111 111. g. 518-5821. L. 8.
18. 811 161111191111111111 1111111 1111 811111111111111111 111
8111111111 111 Η11111311111111 111111111111 11111111111, weil ihre
11111111 1111 1111111111111111111 1111111111 11181111111111113
11111111111 11111, bei (11111111 11111 8111111113 11111111111, 111
1111311 11 11111 111111 1111111111 111 111 8111111 11111111 1111.

916. 11111 1898, 11. 8., 1111. 1. 1.-8. 71 8. 88 11111 11
111111111111111 8. XXXI S. 270-272.

10) 20. Μ111 1893, 11. 8., II. XXXI 8. 245 111 81111 XVI
S. 868 (= 1111. I. 11.-8. 718. 88). 1111 81111111 0.·1.-(1. 81111
11111111, 1111 111 1111111111) 111 1111111111811111111111111111-
1111111111 . .. 11 11 111 1111111111 111 8111111111111111 111111
111111 111 11111111 111 0111111111 11 11111111 1111111111 ge·
1111111 81111111111111111111111 111. Ν11111 111 (11111111 111
1111111111 111 111111 8111111113 111111111111. 1111111111, 1111
gegenwartig, 111 111 1111111111 11111, 111 1111111311111111181·
1111111111 durch 11111111111111 1111 1111111111111, 11111 11111,
11111111 111 [1111111113 111 1111111 11 11111 8111111111 11111
11111111111111111111. 111 der 11111111 111111, 11111 111 111
1111111111311111 11111 1111111111 1111111111 11 ρο1111111111111111 “
1111111111111 3111111 11111, 11 11111111111111111, 1111 1111111111
111111111111111111111 11111111 Bau 111 1111111 111 811111111-
111133111111111 werde. 1111 111 81111111 111111 111 1111 1111-
111111 11111111111181111111111111, 11111 1111111111 111 1111111111
(11111111 1111111 81111111111119 111111111111111, 1111111111111
811111, 1111111111Ρ1111111111111111111111111 11111 1111111111 111
11111111111111111 111111; 11 111 1111111 8111111111 ihrer EI·
1111111111111111111111. (Ggl. 11111. 81.-Κ.-8. 182 1. 8.)

11) 24. April 1893, 11. 8, 81111 XVI 8. 865. 8111111111
(11111111 1111111 vom 111111 8111111111 111 11111 8111111111111111-
1111111, 111111 111 811111111111111, 1111111111111811111111-
1111111. 111111 111 111 113111111111111181111111111111111. 0111
1111 1111811111111111111111111111 11111, 1111111111 111 1111111111
11181111111111111111 8111111111, 111 8111111111 1111 1111111
111111811111111111111. 8111111 111 1111111111 1111111111 11111111
011111111111 11181111111111 111 durch 1118111111 111 1111811111

 

