1111111111 8111119111111111111111911 8111111 1891-94. 421

(81111111 1111. 10 N. 190, 28 N. 98, 11. XI 8. 212). 1711 11111111,
11111 1111111111 1111111 161111 611110111111111111111111111111.
43) 17. Sept. 1894, 17. 8., jur. W. 94 S. 545. 111111 111111
,411111111111119 611 1111 1111111 1111111111 7111111111 111 111611-
11111111111 11111111 (vgl. 18. 011. 1894, 71. 8., 8. 546).

49) 6. 011. 1804, V. 8., jur. W. 1894 S. 557. Das 1111.
11 ll 111111111 11 5. 666, 667, 676, 678, 710, 762, 790, 766, 875,
950 u. 957 11111 0101εό11111 111111111111111 611 1111111111 111
1111111111 1111111111 1111111111 Β1611111111 11611111111111161181-
1111111 111111 611 111111111111111111111111116111 (vgl. 111111 S. 350,
1111. 1. Κ.-11.63 S. 422, 1111 6. Juli 1894) 1111111111 Abgabem
11 11111 durch 0111111111 1111 1111111611 811111 111 auch die 111-
11111111111 zngehorigkeit zur Kirchengemeindo 11111 111111116111
7111111111113611 Leistungspflicht. Dagegen 1116111111 11111 1111
1118111 611 1111111, (11111111 0111113111911111 01111111 11111
111111511111 611 1111111111 611 11111111· 116 Ρ11111111111111 611
0111111111 1111111161. (Die 11. Kirohengemeinde 11111 111111111,
6111111111111111 111 11111111111111 6111611111111611 011111111111
1111 111 81111116111111 zu 111111 111111.)

50) 8. 011. 1894, 71. 8., jur. W. 94 8. 544. 8111111111
1111111 11111111111 111 [11111111 1111111111 und 111111111111 11-
11111111, 611 1111111111 habe 611 1111111111 1161111111(1111. 1. 1111.
718. 92) mim,- 111111111 11111 11111111111111111111111, 111111
1111111111, 611111111 7111111111. 11111111111111111111111. Die
11111111111111 1118111111, 6111 11 611 Ueberzeuyuny 111
6111 1111111111111111 Umgange 11111, 111 zulassig (611.-Ρ1.-0. 410

· u. 577); 61111 1111111116 1111111111 8111111111 1111111 111111111111

111111 11111 111111111111 zu 1116111.

51) 13. 011. 1894, IV. 8., jur. W. 94 8. 558. 11111 11111111
111 81111111 611 Psarrgutes (ἕ. 772 1. 774 Α. 1111. 1111) 1111,
11111 111 Ρ11111, 61111 1111111 111 Kirchengemeinde· 1168111611-
ordnung 10.171873 5. 22 116 (111. 25, 71874 111116111111111
(dagegon Reiohsgericht 24. Sept. 1892, V. 8., jur. W. 92 8. 483,
1111. 1. 1111 71 8. 87) 1111161111 Ρ11111111, 1116111 111 611
81111111111111171 1111111 6111 1111 7111111161111111117111111111,
611111 7111111113 (8. 778) 6111 Ρ111111 111111111111116, 1111111611
8111111111111111111 (5. 160, 170, 179, 183, 193, 2281. 618 111. R.
11 11, 11. XVII 192).

52) 15. 011. 1894, 17. 8., jur. W. 94 S. 556. 011111111111
11111111, 6111 1161111 8119111111 611 1111111111 ontziehen (ξ. 700
A. L. R. 111), 11111111111111611, 11111 611 Beleidigung 1111111

 

